Data from: provaADM1

14 data points imported
HRT: 5 - 90
S1:  [1.0493252175610446, 0.3578892304205963, 0.25727770146645446, 0.20409294647964893, 0.1588871137310926, 0.13984613238002816, 0.11987891887068387, 0.11013792536968331, 0.09889881732914546, 0.08578292522014772, 0.07026979993834431, 0.06139515572253132, 0.05161989159214361, 0.04634593716533357]
XT:  [11.262890280558134, 8.319661432885173, 7.09221555728364, 6.184251337784822, 5.192556167741637, 4.69329100215211, 4.103989869130583, 3.78815206175585, 3.397366284562472, 2.9010751808440687, 2.2489732559357765, 1.838794191085814, 1.3500946057949836, 1.0681063018423385]
S2:  [8.744437213464062, 3.638913980582535, 2.7438157626825426, 2.2449852986706893, 1.80402169235838, 1.6128694797404526, 1.4085045616048133, 1.3072262886476371, 1.1889880149760923, 1.0490093363926605, 0.8804595415286958, 0.782470902022907, 0.6730605224003083, 0.6132351108103147]
X1:  [1.4584796253347927, 1.6867170580436683, 1.744824726767587, 1.770531868540477, 1.775336841057949, 1.765352743998082, 1.7392210134911348, 1.7172447857041309, 1.6804660478049442, 1.6146322003988596, 1.4835440837217138, 1.3644451692003239, 1.1684762216105062, 1.0185702743807117]
X2:  [0.6513812660054908, 0.7892957348990731, 0.8217952027479523, 0.8367342910440093, 0.8414416521799792, 0.8377551305120203, 0.8264705755958344, 0.8165871312537749, 0.7997567516453238, 0.7692162920145138, 0.7077359013118346, 0.6515132356267854, 0.5586038243126146, 0.4873131112430392]
Z:   [43.80340112858013, 58.17623652436763, 63.25394100252625, 66.95631966885922, 71.03587656649567, 73.13197319641478, 75.66885248903148, 77.0668634295759, 78.84559078558055, 81.20613482935758, 84.55223999795646, 86.85966991059038, 89.89642935863401, 91.82365642054381]
C:   [53.966692967964654, 67.95402922081063, 72.9047323333822, 76.51629574046723, 80.49853777383986, 82.54627242430314, 85.02665144717531, 86.39468505258593, 88.13668216279541, 90.45130747102188, 93.73882730336308, 96.01089122909198, 99.00776454050684, 100.91353675852118]
CO2: [10.302673427866232, 9.835188803250304, 9.694000269828848, 9.595306805178168, 9.491043912508019, 9.439674458379812, 9.379961503655082, 9.348392978309278, 9.309805799000259, 9.261689603294002, 9.200459423149724, 9.163556305918732, 9.121954143900311, 9.09956094812955]
B:   [43.66401954009842, 58.11884041756032, 63.21073206355335, 66.92098893528906, 71.00749386133184, 73.10659796592333, 75.64668994352023, 77.04629207427665, 78.82687636379515, 81.18961786772788, 84.53836788021336, 86.84733492317325, 89.88581039660653, 91.81397581039163]
pH:  [6.933704195054316, 7.07806465558468, 7.1208182100848525, 7.150033900799955, 7.180520618394573, 7.195529973379512, 7.213119289709468, 7.2225451983846325, 7.234264111679775, 7.249340691666135, 7.269774761241503, 7.283222860837266, 7.300133674549778, 7.3104187816387]
qC:  [22.02007103355772, 16.944511665470326, 14.540450800582661, 12.72787101407431, 10.726525455580775, 9.712416847499696, 8.510730727955371, 7.864773021800635, 7.0637895317874815, 6.043846961950756, 4.699008274099389, 3.850135415310062, 2.835266298582967, 2.2475901534476628]
PC:  [0.3323633404552942, 0.3237493270138455, 0.3226166753606909, 0.32208276454036666, 0.32170754137157337, 0.32158905390253545, 0.32150767407523645, 0.32149099851920404, 0.32149836921140906, 0.32155753817542765, 0.3217383189194491, 0.32192919889284355, 0.3222625529556433, 0.3225240517736167]
qM:  [40.11499337018924, 32.09443789664402, 27.666527267803684, 24.263558168552326, 20.469788917799107, 18.537888999838444, 16.243036174950973, 15.007602077804055, 13.474411884856615, 11.520859608565129, 8.944661830278921, 7.319558726806882, 5.379312339470493, 4.257946956195034]


Influent data:
S1in: 0.046815746
S2in: 0.0
Cin:  7.907523
XTin: 28.009535439


== Results k6 w RMSE ==
Success: True
Solution: [478.93942629]
RMSE: 2.4014226440170643
Iterations: 13
======================= 

== Results khyd w RMSE ==
Success: True
Solution: [0.29460931]
RMSE: 0.044230426563605464
Iterations: 24
========================= 

== Results k1 w LIN ==
Solution: [[16.90423802]]
q: 0
SCORE: 0.94326229919661
====================== 

== Results kLa w LIN ==
Solution: [[10.91233733]]
q: 0
SCORE: 0.7509916536277401
=======================